18728490620
13880734677
张一/510104198707213497/13881763491
陈楠/511302198005090014/13981942943
张鹏/51010419780331981X/13228681808
13880037610
13908218823
13980766700
13880798349
15928751098
13880798733
15183201859
13880118722
13981839415
13541264820
13541250198
13889000058
蒲林/510107198606035037/13550398080
13880359611
15902394283
13908040029
13880403366
13551843064
李良梁/510104198605051271/15882445594
13882238112
13438290563
13402876586
13881702666
龙毅/510108197705011534/13308217705
13880333129
18602899990
13438174455